13618
13642
13653
13687
13695
13727
13733
13739
13762
13782
13796
13813
13920
14015
14036
14112
14177
14242
14290
14293
14323
14327
14344
14350
14388
14413
14440
14473
14512
14534
14544
14573
14578
14597
14652
14695
14816
14829
14841
14870
14952
14959
14994
15185
15190
15209
15223
15270
15285
15305
15433
15434
15445
15460
15503
15532
15616
15700
15703
15723
15725
15786
15796
15814
15819
15821
15824
15837
15841
15855
15918
15929
15933
16043
16153
16171
16211
16223
16266
16298
16301
16331
16413
16426
16437
16478
16480
16490
16536
16545
16589
16598
16632
16659
16670
16679
16687
16718
16811
16827
16831
16882
16912
17005
17026
17060
17080
17095
17147
17191
17213
17286
17290
17328
17346
17348
17355
17408
17454
17469
17491
17517
17548
17685
17820
17822
17854
17966
18035
18045
18061
18078
18140
18203
18261
18268
18285
18360
18438
18453
18477
18727
18815
18873
18924
18941
19124
19226
19235
19240
19275
19287
19330
19344
19426
19460
19484
19705
19719
19797
19819
19854
19923
20051
20087
20157
20229
20328
20392
20413
20618
20716
20750
20933
21017
21041
21174
21189
21307
21378
21387
21503
21601
21640
21661
21702
21713
21836
21942
22271
22275
22415
22474
22493
22536
22558
22566
22670
22724
22731
22812
23010
23323
23343
23350
23441
23554
23727
23758
23771
23781
23920
23953
23972
24025
24183
24252
24304
24324
24352
24355
24390
24411
24532
24611
24698
24719
24739
24748
24958
24969
24978
25169
25238
25352
25438
25470
25503
25533
25536
25613
25625
25858
25890
25958
25978
26118
26145
26174
26188
26264
26270
26351
26367
26574
26609
26696
26751
26882
26899
26922
26986
27058
27313
27633
27703
27838
27902
27976
28186
28228
28318
28442
29304
29713
30023
30161
30525
30762
30794
30808
31054
31064
31110
31441
31782
32193
32564
32784
33009
33083
33105
33174
