10007
10025
10069
10077
10096
10110
10115
10129
10136
10152
10179
10182
1021
10220
10222
10223
10226
10229
10239
1025
10268
10275
10280
10311
10323
10346
10357
10368
10370
10391
10404
10409
10418
10431
10460
10478
10490
1051
10537
10539
10542
10572
10577
1058
10592
10595
10599
10601
10629
10630
10635
10636
10637
10643
10661
10685
10695
10701
10703
10706
10722
10723
10766
10778
10786
10789
10798
10804
10813
10816
1081
10865
1086
10891
10897
10901
10913
10926
1095
10965
10975
10986
10997
11002
11039
11047
11055
11056
11066
11076
11079
11082
11095
1109
11126
11133
11143
11156
11163
11173
11176
11187
11194
1122
11238
11239
11262
11272
11298
11316
11317
11336
11350
11354
11379
11416
11427
11473
11481
11484
11496
11497
11537
11549
1155
11580
11585
11587
115
11602
11607
11625
11665
11672
11681
11682
11694
11705
11734
11740
1174
11757
11784
11789
11799
11820
11827
1182
11860
11870
11875
1188
11892
11931
1193
11959
11963
11971
1198
11990
12002
12006
12016
12029
12060
12068
12088
12098
12110
12111
12131
12132
12142
12164
1217
12189
12194
12196
12199
121
12223
12234
12250
1225
12302
12304
12322
12341
12344
12384
12393
1239
12405
12418
12446
12449
1244
12459
1246
12473
12482
12493
124
12510
1256
12575
12579
12595
1259
12606
1260
12639
12653
12656
12657
12674
12695
12697
12705
12708
12709
12712
12728
12731
12739
12763
12767
1277
12817
12819
12827
12845
12865
12872
12874
12879
12893
12894
12901
12903
12911
12918
12921
12958
12968
12974
12976
12983
12988
12991
12993
13009
13011
1302
13050
13061
13068
13138
13142
13153
13164
13183
13184
13185
13195
131
13208
13215
13229
13231
13238
13262
13278
13280
13283
13296
13310
13330
1335
13363
13364
13365
13369
1336
13382
13386
13389
1340
13426
13430
13441
13457
13464
13495
1349
13501
13504
13513
13526
1352
13552
13561
13584
13586
13590
13592
136
1375
1401
1404
1408
1422
1426
1428
1437
1439
1456
1469
147
1485
1486
1506
1515
1529
152
1534
1549
1569
1576
1579
1583
1585
1647
1668
1669
166
1677
1679
1686
1701
1704
1711
1729
1746
1778
1788
1802
1818
1851
1857
1865
186
1873
1876
1890
1902
1906
1917
1930
1960
1970
1975
1998
2002
2026
2036
2039
203
2041
2049
2057
2084
209
2106
210
2112
2136
2139
2142
2156
2180
219
21
2211
2217
2234
2235
2236
2247
2263
2272
2277
228
2303
2317
2337
2348
2364
2366
2367
2383
2387
2407
2438
2443
2451
2464
2470
2478
248
2494
2501
2514
2521
2536
2554
2559
2566
2571
2574
258
2590
2595
2597
2598
2605
2632
2654
2660
2667
2679
2683
2688
2690
2707
2714
2738
2748
2757
2782
2785
2798
2806
2812
2817
2823
2833
2844
2847
2857
2876
2880
2886
2891
293
2957
2978
2980
2983
2990
2992
299
3001
3005
300
3015
3032
3047
3071
3075
3078
3098
3122
3124
3160
3162
3173
3195
320
3210
3227
3243
3251
3257
3271
3277
3289
3293
3316
332
3336
3338
333
3344
3346
3347
3364
3369
3372
3373
3395
3406
3409
3413
3430
3431
3457
3467
3468
3471
3475
3485
3514
3532
3548
3551
3554
3567
356
3571
3574
3576
3583
358
3614
3620
3631
3668
3675
3683
3696
36
3724
3728
374
3753
3766
3769
3782
379
3807
3815
3818
3825
3828
3836
3841
3845
3850
3871
3877
387
3881
3911
3918
3920
3946
3949
394
3968
3970
3972
3973
3983
3985
398
3
4001
4007
4008
4014
4056
4073
40
4115
412
4132
4136
4144
4148
4158
4164
4169
4172
4182
4184
4187
4196
4199
4211
4217
4241
4261
4264
4287
4288
4334
4336
4351
4352
4365
437
4380
4388
4402
4415
4433
4437
4453
4458
4490
4492
4495
4501
4516
4517
452
4533
4541
4564
4594
4601
4608
4625
4633
463
4665
4670
4681
4695
46
4714
4733
4753
4777
4779
4798
47
4802
4818
482
4831
483
4850
4858
4859
4887
4922
4923
4926
4934
4936
494
4979
49
5004
5010
5017
5026
5031
5033
5059
5060
5063
5064
507
5103
5118
5126
5142
5153
515
5164
5166
5172
5185
5188
5214
5221
5223
5243
5264
5279
527
5299
5306
5319
5333
5345
5347
540
5411
5418
5428
5437
5444
5447
5448
5453
545
5486
5493
5498
550
5516
5518
5531
5533
5538
5552
5573
5598
5622
5643
5648
5655
5660
5672
569
5703
5721
5724
5729
5730
573
5740
574
5752
575
5761
5775
5793
5796
5800
5807
582
5837
5855
5859
5863
5875
5887
5892
5919
592
5934
5943
5946
5952
5962
5965
5983
6009
6028
6030
6039
6047
6062
6102
6106
6128
6141
6153
6172
6175
617
6182
6198
6200
6218
6230
6244
6250
6256
625
6270
627
6294
6314
6321
6363
6365
6371
6379
6386
6394
6414
6419
6422
642
6437
643
6443
6444
6458
6461
6462
6492
64
6508
6527
6546
6591
6598
659
6602
6614
6622
6628
6631
664
6672
6675
6680
6686
6692
6714
6721
6723
6728
6729
672
6742
6744
6749
6766
6769
6773
6776
6793
6798
6799
680
6827
6851
6852
6858
6870
6876
687
6886
6896
6918
6929
6932
6937
6947
6952
6953
7014
7021
7031
7038
7048
7056
705
7087
7106
710
7112
7115
7117
7119
7142
7160
7172
7179
7184
7189
718
7194
721
7235
7241
7242
7252
7290
7318
7319
7352
7356
7368
7394
739
7400
7414
7439
7442
7443
7444
7463
7471
7501
7528
7529
7536
7538
7542
7563
7575
7584
75
7612
7613
7663
7673
7696
7699
7708
7716
7728
7733
7743
7763
776
7771
7783
7795
7798
779
7825
7834
7845
784
7868
7871
7880
7892
7894
7897
789
7926
7936
7947
7958
7960
7985
8015
8057
8063
806
8108
8111
8127
8128
8132
813
8162
8168
8181
8188
8190
8196
8207
8231
8240
8253
8265
8267
8268
8284
8295
8302
8307
8310
8317
8362
8367
8372
8389
8401
8402
8439
8442
8451
8469
8477
848
8497
8513
8521
8523
8526
8553
8558
8570
8576
8598
859
85
8608
8609
8630
863
8654
8659
8660
8663
8666
8669
8711
8715
8756
8760
876
8771
878
8796
8800
8805
8831
8838
8851
8855
8892
8900
891
8928
892
8931
8980
8981
8987
9002
9014
9019
9021
9036
9052
9057
9074
9088
9090
9102
9109
911
9123
9131
914
9155
9159
9162
9169
9183
9184
9186
9187
9198
9204
9218
9229
9253
9256
926
9271
9274
9279
9286
9301
9304
9306
9322
9342
9344
9355
936
9375
9379
9383
9386
9392
9409
9416
9422
9425
9456
945
9466
9473
9475
9501
9504
950
9512
9522
9539
9565
9569
9571
9576
959
9616
9619
9625
9635
9646
9653
9661
9665
9669
9674
9683
9693
9701
972
9737
9782
9783
9795
97
9808
9817
981
9839
983
9853
9860
9869
9872
9879
9881
9894
9900
9912
9932
993
9942
9945
996
9991
