13618
13623
13635
13642
13653
13663
13665
13669
13671
13687
13704
13727
13731
13733
13734
13739
13748
13762
13769
13782
13784
13790
13804
13813
13831
13832
13849
13869
13886
13890
13906
13932
13944
13964
14000
14011
14015
14036
14044
14047
14057
14061
14084
14111
14112
14134
14147
14172
14203
14238
14241
14242
14282
14293
14297
14369
14388
14405
14413
14437
14440
14443
14473
14512
14513
14534
14544
14564
14573
14578
14595
14596
14597
14614
14627
14634
14652
14671
14672
14695
14724
14752
14771
14779
14799
14816
14829
14834
14841
14870
14895
14941
14947
14952
14959
14975
15030
15056
15099
15102
15121
15148
15154
15161
15186
15187
15219
15223
15249
15255
15264
15270
15274
15295
15305
15327
15345
15353
15361
15433
15445
15452
15476
15481
15501
15503
15515
15532
15556
15575
15607
15620
15700
15703
15706
15723
15741
15750
15784
15786
15796
15803
15814
15815
15819
15821
15836
15841
15855
15860
15871
15883
15887
15895
15915
15918
15919
15928
15933
15936
15975
16002
16043
16055
16073
16117
16140
16150
16153
16171
16173
16179
16202
16211
16223
16226
16240
16253
16266
16298
16301
16331
16336
16354
16380
16405
16413
16425
16426
16437
16478
16480
16488
16490
16522
16530
16533
16544
16545
16547
16585
16589
16598
16606
16608
16620
16632
16659
16661
16670
16687
16714
16718
16736
16741
16745
16776
16781
16790
16803
16817
16831
16851
16854
16882
16908
16912
16923
16934
16973
16995
17001
17005
17009
17010
17048
17052
17060
17074
17080
17094
17095
17114
17147
17149
17185
17202
17213
17236
17251
17265
17278
17286
17290
17310
17341
17346
17348
17355
17358
17363
17377
17386
17390
17408
17415
17417
17441
17445
17456
17463
17469
17517
17527
17539
17548
17557
17585
17592
17612
17654
17698
17733
17783
17784
17785
17808
17820
17822
17854
17871
17886
17909
17945
17966
17987
18021
18035
18039
18045
18054
18057
18061
18078
18106
18125
18140
18143
18203
18220
18249
18268
18285
18298
18304
18360
18382
18396
18420
18426
18453
18477
18507
18515
18525
18538
18548
18580
18631
18657
18718
18723
18727
18731
18785
18813
18815
18833
18873
18924
18941
18959
19014
19059
19074
19093
19109
19124
19160
19226
19227
19229
19240
19250
19275
19287
19296
19321
19326
19330
19344
19422
19426
19450
19484
19487
19560
19593
19635
19705
19719
19749
19758
19779
19785
19808
19819
19850
19854
19894
19923
19934
19944
20027
20036
20051
20065
20073
20082
20102
20157
20203
20229
20247
20268
20283
20308
20316
20328
20336
20392
20413
20416
20475
20491
20554
20572
20618
20635
20638
20716
20750
20753
20862
20899
20916
20933
21017
21032
21041
21042
21046
21086
21174
21189
21214
21274
21291
21307
21371
21378
21387
21421
21445
21503
21589
21601
21640
21691
21702
21713
21798
21836
21886
21904
21923
21935
21942
22188
22247
22275
22326
22375
22377
22415
22460
22474
22483
22485
22487
22493
22495
22558
22566
22643
22663
22724
22728
22731
22763
22765
22768
22784
22812
22852
22932
22972
23010
23057
23148
23158
23184
23237
23303
23323
23343
23350
23364
23424
23436
23513
23554
23571
23577
23598
23628
23633
23664
23682
23720
23727
23751
23757
23758
23781
23841
23873
23889
23898
23920
23942
23952
23953
23980
24050
24117
24153
24155
24183
24206
24252
24254
24269
24286
24321
24324
24333
24355
24356
24389
24390
24424
24445
24476
24502
24532
24611
24621
24698
24719
24739
24748
24789
24817
24878
24901
24958
24969
24978
25050
25053
25063
25087
25121
25148
25169
25173
25189
25200
25227
25236
25238
25262
25329
25352
25449
25470
25503
25520
25536
25602
25613
25625
25627
25691
25858
25869
25879
25880
25881
25890
25920
25931
25957
25958
25963
25973
25978
26091
26118
26125
26126
26145
26162
26188
26236
26254
26270
26315
26351
26367
26393
26406
26424
26487
26537
26574
26609
26654
26696
26708
26751
26779
26855
26882
26885
26899
26903
26922
26986
27014
27036
27043
27058
27085
27097
27155
27313
27373
27457
27525
27624
27633
27656
27660
27703
27754
27813
27838
27902
27976
28228
28318
28437
28442
28594
28823
29304
29620
30023
30161
30167
30259
30559
30685
30765
30794
30808
31010
31037
31054
31064
31110
31126
31177
31348
31441
31557
32533
32564
32603
32681
32756
32835
32878
32964
33009
33071
33083
33095
33105
33138
33174
33206
33213
33225
